X,Y
0.0,-19
-0.25,-19
-0.5,-19
-0.75,-19
-1.0,-19
-1.25,-19
-1.5,-19
-1.75,-19
-2.0,-19
-2.25,-19
-2.5,-19
-2.75,-19
-3.0,-19
-3.25,-19
-3.5,-19
-3.75,-19
-4.0,-19
-4.25,-19
-4.5,-19
-4.75,-19
-5.0,-19
-5.25,-19
-5.5,-19
-5.75,-19
-6.0,-19
6.00000000000000,-19.0000000000000
5.87313480978314,-18.7149887780992
5.73274039506625,-18.4363930469501
5.57914016534305,-18.1648545735671
5.41268795073295,-17.9009988680204
5.23376718690583,-17.6454337425246
5.04279003180797,-17.3987479112961
4.84019641622412,-17.1615096344038
4.62645303036252,-16.9342654087377
4.40205224879765,-16.7175387091106
4.16751099624689,-16.5118287823932
3.92336955679413,-16.3176094974596
3.67019032930321,-16.1353282535938
3.40855653188819,-15.9654049498701
3.13907085842495,-15.8082310178832
2.86235409019876,-15.6641685200545
2.57904366588616,-15.5335493155937
2.28979221316518,-15.4166742960344
1.99526604533658,-15.3138126921078
1.69614362641909,-15.2252014535479
1.39311400825464,-15.1510447032599
1.08687524322361,-15.0915132671068
0.778132776226706,-15.0467442803991
0.467597819637559,-15.0168408719923
0.155985714969491,-15.0018719267219
-0.155985714969487,-15.0018719267219
-0.467597819637554,-15.0168408719923
-0.778132776226702,-15.0467442803991
-1.08687524322360,-15.0915132671068
-1.39311400825463,-15.1510447032599
-1.69614362641909,-15.2252014535479
-1.99526604533657,-15.3138126921078
-2.28979221316518,-15.4166742960344
-2.57904366588615,-15.5335493155937
-2.86235409019875,-15.6641685200545
-3.13907085842494,-15.8082310178832
-3.40855653188818,-15.9654049498701
-3.67019032930321,-16.1353282535938
-3.92336955679413,-16.3176094974596
-4.16751099624689,-16.5118287823932
-4.40205224879765,-16.7175387091106
-4.62645303036252,-16.9342654087377
-4.84019641622412,-17.1615096344038
-5.04279003180797,-17.3987479112961
-5.23376718690582,-17.6454337425246
-5.41268795073295,-17.9009988680204
-5.57914016534304,-18.1648545735671
-5.73274039506625,-18.4363930469501
-5.87313480978313,-18.7149887780992
-6.00000000000000,-19.0000000000000
6.0,-19
5.75,-19
5.5,-19
5.25,-19
5.0,-19
4.75,-19
4.5,-19
4.25,-19
4.0,-19
3.75,-19
3.5,-19
3.25,-19
3.0,-19
2.75,-19
2.5,-19
2.25,-19
2.0,-19
1.75,-19
1.5,-19
1.25,-19
1.0,-19
0.75,-19
0.5,-19
0.25,-19
0.0,-19
