theta0,theta1,theta2
0.46364760900080615,0.2861767242146575,0.6384334613888856
0.46364760900080615,0.2990982781688803,0.6379035921625715
0.46364760900080615,0.31154307207468096,0.6363117065165426
0.46364760900080615,0.32350340547559703,0.6336509122455504
0.46364760900080615,0.33496940359357597,0.6299095246538627
0.46364760900080615,0.34592888765786123,0.6250707579838926
0.46364760900080615,0.35636717804492407,0.6191122680175349
0.46364760900080615,0.3662668172412314,0.6120055171501015
0.46364760900080615,0.3756071935286953,0.6037149196747735
0.46364760900080615,0.38436403777848094,0.5941967061210748
0.46364760900080615,0.3925087534375227,0.5833974181898192
0.46364760900080615,0.40000752144967955,0.5712519051158941
0.46364760900080615,0.406820093672816,0.5576806297393997
0.46364760900080615,0.41289814371045996,0.5425859934692261
0.46364760900080615,0.41818297097535917,0.5258472270447678
0.46364760900080615,0.42260222957921617,0.5073131182190183
0.46364760900080615,0.4260651333656045,0.486791358423295
0.46364760900080615,0.428455177814191,0.4640323788106948
0.46364760900080615,0.4296186071849163,0.43870374219137703
0.46364760900080615,0.42934512647232814,0.4103473181916183
0.46364760900080615,0.42733332600574525,0.37830251489635236
0.46364760900080615,0.42312269406061864,0.34155531354344404
0.46364760900080615,0.4159413218330591,0.29840005992012436
0.46364760900080615,0.4042890339411816,0.24551357462816348
0.46364760900080615,0.38429115498134,0.17429820367345247
0.46364760900080615,-0.22746658782836432,0.17429820367345247
0.46364760900080615,-0.12654327424546727,0.3951155116540823
0.46364760900080615,-0.06328500579305249,0.5307078847113116
0.46364760900080615,-0.012151485971477305,0.6376809624259765
0.46364760900080615,0.03251262536273919,0.7284960139045475
0.46364760900080615,0.0730979709192342,0.8083742865384915
0.46364760900080615,0.1108782946874089,0.8800639954404856
0.46364760900080615,0.14662311149310658,0.9452004845330703
0.46364760900080615,0.1808345263800662,1.0048327936660824
0.46364760900080615,0.21385629388393262,1.0596671171730243
0.46364760900080615,0.24593017444139834,1.110193635991347
0.46364760900080615,0.2772275101827402,1.1567586203704905
0.46364760900080615,0.3078679909090465,1.1996083041110657
0.46364760900080615,0.33793131478683447,1.2389171173474436
0.46364760900080615,0.367464700741267,1.2748067527437543
0.46364760900080615,0.3964878982627452,1.3073596117387813
0.46364760900080615,0.42499667038728617,1.3366286720775675
0.46364760900080615,0.45296536260063114,1.3626449965066167
0.46364760900080615,0.48034896202810545,1.385423630567177
0.46364760900080615,0.507084923299278,1.4049683536156459
0.46364760900080615,0.5330949517445859,1.421275569769373
0.46364760900080615,0.5582868707803637,1.434337511273394
0.46364760900080615,0.5825566477322273,1.4441448522606526
0.46364760900080615,0.6057906057827372,1.450688782752107
0.46364760900080615,0.6278678075306608,1.4539625631322135
0.46364760900080615,0.648662558308972,1.4539625631322135
0.46364760900080615,0.6680469465854006,1.450688782752107
0.46364760900080615,0.685893316409619,1.4441448522606526
0.46364760900080615,0.7020765544368539,1.4343375112733943
0.46364760900080615,0.716476071926413,1.421275569769373
0.46364760900080615,0.7289773692314656,1.4049683536156459
0.46364760900080615,0.7394730841178085,1.385423630567177
0.46364760900080615,0.7478634419199457,1.3626449965066167
0.46364760900080615,0.7540560401983731,1.3366286720775677
0.46364760900080615,0.7579649075500812,1.3073596117387816
0.46364760900080615,0.7595087689825253,1.2748067527437543
0.46364760900080615,0.7586084205315273,1.2389171173474436
0.46364760900080615,0.7551830516344848,1.1996083041110657
0.46364760900080615,0.7491452353060961,1.1567586203704905
0.46364760900080615,0.7403940969099865,1.110193635991347
0.46364760900080615,0.7288058004547404,1.0596671171730243
0.46364760900080615,0.7142198071528418,1.0048327936660824
0.46364760900080615,0.6964180325509722,0.9452004845330703
0.46364760900080615,0.675091262954941,0.8800639954404856
0.46364760900080615,0.6497809082526012,0.8083742865384915
0.46364760900080615,0.6197682011584977,0.7284960139045475
0.46364760900080615,0.5838358045754889,0.6376809624259767
0.46364760900080615,0.5396537451214308,0.5307078847113116
0.46364760900080615,0.4816303935963978,0.3951155116540828
0.46364760900080615,0.38429115498134,0.17429820367345247
0.46364760900080615,-0.22746658782836432,0.17429820367345247
0.46364760900080615,-0.1834496361237537,0.24551357462816348
0.46364760900080615,-0.14760241271364527,0.29840005992012436
0.46364760900080615,-0.11605546178123374,0.34155531354344404
0.46364760900080615,-0.08731410393643202,0.37830251489635236
0.46364760900080615,-0.060612199781400145,0.4103473181916183
0.46364760900080615,-0.03549527642490172,0.43870374219137703
0.46364760900080615,-0.011668227452939273,0.4640323788106948
0.46364760900080615,0.011072680495199133,0.486791358423295
0.46364760900080615,0.03287439020147215,0.5073131182190183
0.46364760900080615,0.05384635002983232,0.5258472270447678
0.46364760900080615,0.07407205593122326,0.5425859934692261
0.46364760900080615,0.09361633970878533,0.5576806297393997
0.46364760900080615,0.1125301751530271,0.5712519051158941
0.46364760900080615,0.13085396128940882,0.5833974181898192
0.46364760900080615,0.14861983138404825,0.5941967061210748
0.46364760900080615,0.1658533160682275,0.6037149196747735
0.46364760900080615,0.18257456471175643,0.6120055171501015
0.46364760900080615,0.19879925606663645,0.6191122680175349
0.46364760900080615,0.21453928455293172,0.6250707579838926
0.46364760900080615,0.2298032803716925,0.6299095246538627
0.46364760900080615,0.24459700328151807,0.6336509122455504
0.46364760900080615,0.2589236375688366,0.6363117065165426
0.46364760900080615,0.27278400722336876,0.6379035921625715
0.46364760900080615,0.2861767242146575,0.6384334613888856
